dbn,score,travel_time,geom
16K498,3.89,42.8,POINT (-73.9209060000000022 40.6888310000000004)
17K524,4.11,58.46666666666667,POINT (-73.9616950000000060 40.6703490000000016)
02M531,3.99,41.15,POINT (-73.9843819999999965 40.7558429999999987)
05M670,3.27,63.65,POINT (-73.9442020000000042 40.8155089999999987)
03M291,4.66,61.766666666666666,POINT (-73.9874789999999933 40.7720070000000021)
24Q299,4.49,43.55,POINT (-73.9366349999999954 40.7450949999999992)
17K408,4.47,64.85,POINT (-73.9585500000000025 40.6497870000000034)
19K683,3.52,61.35,POINT (-73.8742079999999959 40.6707239999999999)
02M407,3.59,48.083333333333336,POINT (-73.9830309999999969 40.7324470000000005)
27Q302,4.19,90.06666666666666,POINT (-73.7627949999999970 40.6020099999999999)
12X251,3.83,69.33333333333333,POINT (-73.8904579999999953 40.8359000000000023)
03M485,3.17,48.7,POINT (-73.9852730000000065 40.7736289999999997)
15K429,3.27,44.56666666666667,POINT (-73.9933510000000041 40.6854190000000031)
21K559,4.03,91.88333333333334,POINT (-73.9857700000000023 40.5942909999999983)
24Q560,3.16,46.233333333333334,POINT (-73.9367819999999938 40.7428389999999965)
11X290,2.97,79.68333333333334,POINT (-73.8619699999999995 40.8759530000000026)
09X250,2.88,74.9,POINT (-73.9024990000000059 40.8336650000000034)
03M417,3.59,55.13333333333333,POINT (-73.9746140000000025 40.7858030000000014)
17K547,3.48,58.46666666666667,POINT (-73.9616950000000060 40.6703490000000016)
02M437,3.14,52.45,POINT (-74.0021359999999930 40.7428669999999968)
27Q323,2.3,89.21666666666667,POINT (-73.8257109999999983 40.5841089999999980)
11X545,2.76,79.68333333333334,POINT (-73.8619699999999995 40.8759530000000026)
28Q687,4.33,60.18333333333333,POINT (-73.7981510000000043 40.7010489999999976)
17K528,3.3,58.46666666666667,POINT (-73.9616950000000060 40.6703490000000016)
17K751,3.2,58.833333333333336,POINT (-73.9388430000000056 40.6756120000000010)
18K576,2.93,64.03333333333333,POINT (-73.9167350000000027 40.6332850000000008)
19K404,3.03,127.4,POINT (-73.8747560000000050 40.6574590000000029)
15K684,4.01,59.96666666666667,POINT (-73.9792869999999994 40.6696290000000005)
31R445,3.93,119.88333333333334,POINT (-74.1418180000000007 40.6345730000000032)
23K514,4.7,68.71666666666667,POINT (-73.9117049999999978 40.6658779999999993)
15K497,4.58,44.56666666666667,POINT (-73.9933510000000041 40.6854190000000031)
02M294,4.56,39.71666666666667,POINT (-73.9893370000000061 40.7167779999999979)
05M304,4.6,58.38333333333333,POINT (-73.9477119999999957 40.8173719999999989)
02M413,4.79,48.53333333333333,POINT (-73.9854789999999980 40.7389519999999976)
04M372,4.78,57.35,POINT (-73.9423029999999954 40.7930700000000002)
07X334,3.19,56.68333333333333,POINT (-73.9177920000000057 40.8100400000000008)
02M655,4.01,52.4,POINT (-73.9456370000000049 40.7836250000000007)
31R450,2.91,133.06666666666666,POINT (-74.0812219999999968 40.6447349999999972)
18K637,3.27,64.03333333333333,POINT (-73.9167350000000027 40.6332850000000008)
21K410,2.84,85.68333333333334,POINT (-73.9673080000000027 40.5816810000000032)
09X543,3.5,76.21666666666667,POINT (-73.9044729999999959 40.8276419999999973)
02M303,2.83,69.61666666666666,POINT (-73.9929530000000000 40.7651839999999979)
08X558,3.39,91.21666666666667,POINT (-73.8385449999999963 40.8407020000000003)
02M412,4.9,49.7,POINT (-74.0021980000000070 40.7421289999999985)
04M495,2.65,55.583333333333336,POINT (-73.9443559999999991 40.7905429999999996)
02M047,3.3,42.61666666666667,POINT (-73.9824550000000016 40.7385480000000015)
07X600,4.83,68.43333333333334,POINT (-73.9198669999999964 40.8182320000000018)
14K449,3.53,44.06666666666667,POINT (-73.9436409999999995 40.7099410000000006)
09X404,3.89,76.21666666666667,POINT (-73.9044729999999959 40.8276419999999973)
06M540,4.25,65.88333333333334,POINT (-73.9503559999999993 40.8181879999999992)
26Q495,4.16,87.13333333333334,POINT (-73.7802960000000070 40.7717549999999989)
02M425,2.42,51.983333333333334,POINT (-74.0123320000000007 40.7087300000000027)
10X565,2.56,62.083333333333336,POINT (-73.8827150000000046 40.8556979999999967)
11X249,4.42,109.66666666666667,POINT (-73.8339040000000040 40.8740910000000000)
21K468,3.07,91.88333333333334,POINT (-73.9857700000000023 40.5942909999999983)
02M135,3.5,51.516666666666666,POINT (-74.0008509999999973 40.7114419999999981)
32K403,4.51,45.06666666666667,POINT (-73.9107910000000032 40.6969700000000003)
02M420,3.28,48.083333333333336,POINT (-73.9830309999999969 40.7324470000000005)
16K765,4.83,54.25,POINT (-73.9324069999999978 40.6794399999999996)
25Q670,3.82,65.38333333333334,POINT (-73.8106970000000047 40.7256029999999996)
19K507,2.8,51.06666666666667,POINT (-73.8947469999999953 40.6674560000000014)
09X505,2.61,67.93333333333334,POINT (-73.9186810000000065 40.8276070000000004)
31R600,3.92,110.91666666666667,POINT (-74.0787299999999931 40.6427929999999975)
09X365,4.26,68.91666666666667,POINT (-73.9160700000000048 40.8496230000000011)
13K265,3.28,52.5,POINT (-73.9757800000000003 40.6963239999999971)
01M448,3.52,49.56666666666667,POINT (-73.9844970000000046 40.7123989999999978)
18K633,2.53,79.48333333333333,POINT (-73.8982539999999943 40.6414740000000023)
19K615,0.0,69.38333333333334,POINT (-73.8759600000000063 40.6782759999999968)
20K445,2.5,74.36666666666666,POINT (-74.0034040000000033 40.6132619999999989)
07X427,3.62,54.266666666666666,POINT (-73.9303859999999986 40.8159380000000027)
24Q236,3.64,51.93333333333333,POINT (-73.8747209999999939 40.7411219999999972)
27Q260,3.02,90.06666666666666,POINT (-73.7627949999999970 40.6020099999999999)
11X514,3.11,87.41666666666667,POINT (-73.8526939999999996 40.8878309999999985)
09X227,3.93,72.18333333333334,POINT (-73.9109100000000012 40.8404219999999967)
02M282,4.33,51.516666666666666,POINT (-74.0008509999999973 40.7114419999999981)
03M415,4.69,57.96666666666667,POINT (-73.9541420000000045 40.8022070000000028)
10X477,2.73,78.53333333333333,POINT (-73.9122559999999993 40.8771050000000002)
29Q243,2.88,85.6,POINT (-73.7457279999999997 40.6978190000000026)
25Q281,4.83,61.766666666666666,POINT (-73.8220730000000032 40.7495449999999977)
06M467,4.16,75.06666666666666,POINT (-73.9270510000000058 40.8559539999999970)
21K540,2.85,79.63333333333334,POINT (-73.9817380000000071 40.5892679999999970)
15K592,3.41,45.88333333333333,POINT (-73.9796489999999949 40.6864989999999977)
27Q400,4.21,80.15,POINT (-73.7833420000000046 40.6756329999999977)
29Q492,4.76,85.6,POINT (-73.7457279999999997 40.6978190000000026)
24Q267,4.4,43.55,POINT (-73.9366349999999954 40.7450949999999992)
02M439,4.58,46.86666666666667,POINT (-73.9915120000000002 40.7414970000000025)
10X368,3.48,83.83333333333333,POINT (-73.9098960000000034 40.8793679999999995)
13K350,1.79,52.766666666666666,POINT (-73.9850160000000017 40.6973389999999995)
27Q308,2.91,107.48333333333333,POINT (-73.8451409999999981 40.6712399999999974)
21K337,2.65,91.88333333333334,POINT (-73.9857700000000023 40.5942909999999983)
28Q350,4.34,67.58333333333333,POINT (-73.7972369999999955 40.7132179999999977)
16K688,3.04,44.9,POINT (-73.9336969999999951 40.6912739999999999)
28Q620,2.76,71.4,POINT (-73.8003690000000034 40.7153890000000018)
06M463,2.72,75.06666666666666,POINT (-73.9270510000000058 40.8559539999999970)
06M468,4.65,75.06666666666666,POINT (-73.9270510000000058 40.8559539999999970)
10X237,3.3,76.55,POINT (-73.9010990000000021 40.8759110000000021)
01M509,4.14,45.5,POINT (-73.9856450000000052 40.7205810000000028)
28Q167,3.67,60.916666666666664,POINT (-73.8566979999999944 40.7113670000000027)
08X367,3.14,89.38333333333334,POINT (-73.8565799999999939 40.8148330000000001)
17K539,3.51,64.85,POINT (-73.9585500000000025 40.6497870000000034)
24Q455,2.48,51.93333333333333,POINT (-73.8747209999999939 40.7411219999999972)
27Q475,2.47,62.916666666666664,POINT (-73.8336809999999986 40.6958879999999965)
07X548,3.09,62.78333333333333,POINT (-73.9238289999999978 40.8223100000000017)
23K493,2.84,62.25,POINT (-73.9132730000000038 40.6741030000000023)
02M545,3.47,39.71666666666667,POINT (-73.9893370000000061 40.7167779999999979)
15K667,4.36,55.483333333333334,POINT (-74.0051969999999955 40.6557099999999991)
02M280,3.99,51.516666666666666,POINT (-74.0008509999999973 40.7114419999999981)
06M348,2.86,68.16666666666667,POINT (-73.9309480000000008 40.8489080000000016)
13K439,3.96,52.766666666666666,POINT (-73.9850160000000017 40.6973389999999995)
07X500,3.22,61.916666666666664,POINT (-73.9122399999999971 40.8154979999999981)
14K614,2.42,38.03333333333333,POINT (-73.9394070000000028 40.7052040000000019)
07X522,4.72,68.43333333333334,POINT (-73.9198669999999964 40.8182320000000018)
07X473,3.71,65.88333333333334,POINT (-73.9110299999999967 40.8182499999999990)
18K617,2.37,79.48333333333333,POINT (-73.8982539999999943 40.6414740000000023)
10X351,3.68,88.45,POINT (-73.8869100000000003 40.8821780000000032)
25Q460,2.3,55.766666666666666,POINT (-73.8278899999999965 40.7651660000000007)
30Q502,3.95,25.65,POINT (-73.9463800000000049 40.7487009999999970)
30Q445,3.89,40.916666666666664,POINT (-73.9105140000000063 40.7582299999999975)
10X268,2.64,80.31666666666666,POINT (-73.8983089999999976 40.8702929999999967)
06M552,2.99,69.76666666666667,POINT (-73.9386420000000015 40.8381669999999986)
11X542,2.81,78.18333333333334,POINT (-73.8610060000000033 40.8596649999999997)
03M541,3.3,48.233333333333334,POINT (-73.9847529999999978 40.7743510000000029)
05M499,3.05,66.28333333333333,POINT (-73.9371199999999931 40.8243190000000027)
14K477,2.7,49.53333333333333,POINT (-73.9397220000000033 40.7121840000000006)
22K425,2.51,86.25,POINT (-73.9485119999999938 40.6099120000000013)
31R064,3.41,112.93333333333334,POINT (-74.1585890000000063 40.5813149999999965)
32K545,3.08,37.8,POINT (-73.9291070000000019 40.6945070000000015)
02M399,3.28,46.5,POINT (-73.9876589999999936 40.7354940000000028)
11X288,2.28,78.18333333333334,POINT (-73.8610060000000033 40.8596649999999997)
12X511,3.49,69.33333333333333,POINT (-73.8904579999999953 40.8359000000000023)
01M696,2.69,46.75,POINT (-73.9758910000000043 40.7190289999999990)
21K620,3.51,82.21666666666667,POINT (-73.9634769999999975 40.5825850000000017)
02M534,2.99,47.85,POINT (-73.9948579999999936 40.7365179999999967)
17K531,1.86,68.66666666666667,POINT (-73.9424580000000020 40.6588929999999991)
02M605,2.69,52.45,POINT (-74.0021359999999930 40.7428669999999968)
22K611,3.16,82.86666666666666,POINT (-73.9376960000000025 40.5941240000000008)
02M392,3.27,52.45,POINT (-74.0021359999999930 40.7428669999999968)
10X546,3.44,78.53333333333333,POINT (-73.9122559999999993 40.8771050000000002)
03M859,3.79,48.233333333333334,POINT (-73.9847529999999978 40.7743510000000029)
18K567,3.7,64.03333333333333,POINT (-73.9167350000000027 40.6332850000000008)
12X478,4.24,72.46666666666667,POINT (-73.8777850000000029 40.8314159999999973)
13K595,3.01,53.78333333333333,POINT (-73.9543019999999984 40.6853800000000021)
02M418,3.96,45.18333333333333,POINT (-74.0115559999999988 40.7044870000000003)
10X243,3.97,61.2,POINT (-73.8882669999999990 40.8600429999999974)
08X293,3.06,91.21666666666667,POINT (-73.8385449999999963 40.8407020000000003)
12X267,3.28,73.66666666666667,POINT (-73.9001049999999964 40.8277429999999981)
03M860,4.75,57.96666666666667,POINT (-73.9541420000000045 40.8022070000000028)
04M435,4.08,66.61666666666666,POINT (-73.9340279999999979 40.7938559999999981)
17K600,3.01,59.53333333333333,POINT (-73.9619619999999998 40.6695670000000007)
11X270,3.16,87.41666666666667,POINT (-73.8526939999999996 40.8878309999999985)
18K563,3.28,76.6,POINT (-73.9221710000000058 40.6486570000000000)
05M369,3.1,58.86666666666667,POINT (-73.9553250000000020 40.8152559999999980)
03M479,3.84,55.583333333333336,POINT (-73.9958019999999976 40.7614519999999985)
03M307,2.56,48.233333333333334,POINT (-73.9847529999999978 40.7743510000000029)
28Q284,2.74,68.68333333333334,POINT (-73.7871920000000046 40.6971899999999991)
10X264,3.83,62.083333333333336,POINT (-73.8827150000000046 40.8556979999999967)
25Q252,3.78,66.93333333333334,POINT (-73.8102159999999969 40.7244579999999985)
25Q241,3.74,55.766666666666666,POINT (-73.8278899999999965 40.7651660000000007)
02M408,2.53,47.583333333333336,POINT (-73.9880189999999942 40.7614480000000015)
28Q328,2.6,67.58333333333333,POINT (-73.7972369999999955 40.7132179999999977)
13K605,2.73,62.05,POINT (-73.9860149999999948 40.6949260000000024)
11X275,3.23,79.68333333333334,POINT (-73.8619699999999995 40.8759530000000026)
30Q450,2.99,41.983333333333334,POINT (-73.9328000000000003 40.7658259999999970)
02M298,1.71,44.56666666666667,POINT (-73.9930920000000043 40.7165529999999976)
19K764,3.07,53.916666666666664,POINT (-73.8683280000000053 40.6911460000000034)
02M580,2.5,49.11666666666667,POINT (-74.0129770000000065 40.7050240000000016)
12X388,2.98,73.01666666666667,POINT (-73.8789119999999997 40.8316009999999991)
08X452,4.58,77.03333333333333,POINT (-73.8561669999999992 40.8222900000000024)
01M539,3.26,49.38333333333333,POINT (-73.9793080000000032 40.7188950000000034)
02M427,4.31,41.63333333333333,POINT (-73.9812409999999971 40.7461759999999984)
28Q690,3.53,69.71666666666667,POINT (-73.7841439999999977 40.6862080000000006)
02M376,4.02,55.6,POINT (-74.0046250000000043 40.7244000000000028)
09X568,4.32,73.63333333333334,POINT (-73.9084270000000032 40.8485159999999965)
17K122,4.03,58.833333333333336,POINT (-73.9388430000000056 40.6756120000000010)
22K405,4.35,69.85,POINT (-73.9529289999999975 40.6332370000000012)
10X524,2.76,62.083333333333336,POINT (-73.8827150000000046 40.8556979999999967)
08X320,4.36,91.21666666666667,POINT (-73.8385449999999963 40.8407020000000003)
07X223,4.9,61.2,POINT (-73.9207820000000027 40.8139830000000003)
02M414,4.86,49.7,POINT (-74.0021980000000070 40.7421289999999985)
29Q327,3.58,70.98333333333333,POINT (-73.7789230000000060 40.6917120000000025)
24Q610,3.3,38.86666666666667,POINT (-73.9290759999999949 40.7435090000000031)
02M500,4.35,41.63333333333333,POINT (-73.9812409999999971 40.7461759999999984)
19K618,3.37,53.916666666666664,POINT (-73.8683280000000053 40.6911460000000034)
02M419,4.86,52.45,POINT (-74.0021359999999930 40.7428669999999968)
20K609,4.23,62.71666666666667,POINT (-73.9815279999999973 40.6348750000000010)
13K670,3.03,53.65,POINT (-73.9692430000000058 40.6953320000000005)
09X231,2.89,73.06666666666666,POINT (-73.8970499999999930 40.8449579999999983)
28Q325,2.97,67.58333333333333,POINT (-73.7972369999999955 40.7132179999999977)
10X438,3.31,61.2,POINT (-73.8882669999999990 40.8600429999999974)
11X265,3.28,79.68333333333334,POINT (-73.8619699999999995 40.8759530000000026)
19K659,3.8,53.916666666666664,POINT (-73.8683280000000053 40.6911460000000034)
15K464,2.96,59.96666666666667,POINT (-73.9792869999999994 40.6696290000000005)
28Q896,2.97,61.88333333333333,POINT (-73.8064119999999946 40.7075269999999989)
14K488,3.45,35.13333333333333,POINT (-73.9547539999999941 40.7150729999999967)
14K558,3.01,35.13333333333333,POINT (-73.9547539999999941 40.7150729999999967)
08X559,3.56,72.53333333333333,POINT (-73.9035460000000057 40.8216749999999990)
17K537,4.3,64.85,POINT (-73.9585500000000025 40.6497870000000034)
26Q415,3.2,86.81666666666666,POINT (-73.7559899999999971 40.7523330000000001)
19K409,3.57,60.63333333333333,POINT (-73.8869420000000048 40.6610719999999972)
04M610,3.62,55.483333333333334,POINT (-73.9474280000000022 40.7927409999999995)
10X225,2.98,69.9,POINT (-73.8967169999999953 40.8544929999999979)
12X682,3.93,73.81666666666666,POINT (-73.8862599999999929 40.8308699999999973)
24Q264,2.56,43.55,POINT (-73.9366349999999954 40.7450949999999992)
13K483,3.07,73.78333333333333,POINT (-73.9888530000000060 40.6946820000000002)
29Q498,4.19,85.6,POINT (-73.7457279999999997 40.6978190000000026)
09X413,3.54,72.18333333333334,POINT (-73.9109100000000012 40.8404219999999967)
03M402,4.89,55.13333333333333,POINT (-73.9746140000000025 40.7858030000000014)
27Q480,4.17,64.0,POINT (-73.8372980000000041 40.6796390000000017)
02M489,2.05,52.56666666666667,POINT (-74.0120220000000018 40.7091959999999986)
02M300,3.08,69.61666666666666,POINT (-73.9929530000000000 40.7651839999999979)
30Q258,3.35,42.43333333333333,POINT (-73.9326640000000026 40.7570649999999972)
11X509,2.57,78.18333333333334,POINT (-73.8610060000000033 40.8596649999999997)
07X221,3.46,61.2,POINT (-73.9207820000000027 40.8139830000000003)
22K555,2.28,60.43333333333333,POINT (-73.9717360000000070 40.6494039999999970)
21K344,2.42,76.68333333333334,POINT (-73.9731320000000068 40.5825329999999980)
04M680,3.18,53.71666666666667,POINT (-73.9465579999999960 40.7918809999999965)
02M600,3.49,46.2,POINT (-73.9960739999999930 40.7451560000000015)
24Q530,4.02,41.5,POINT (-73.9336399999999969 40.7444119999999970)
02M519,4.58,46.75,POINT (-73.9600590000000011 40.7653589999999966)
02M507,4.13,46.083333333333336,POINT (-73.9905930000000041 40.7633700000000019)
10X141,3.97,98.51666666666667,POINT (-73.9134860000000060 40.8883379999999974)
02M400,2.8,60.05,POINT (-73.9875310000000042 40.7677910000000026)
08X348,3.83,91.21666666666667,POINT (-73.8385449999999963 40.8407020000000003)
31R047,3.55,112.93333333333334,POINT (-74.1585890000000063 40.5813149999999965)
14K586,3.82,44.06666666666667,POINT (-73.9436409999999995 40.7099410000000006)
13K430,2.76,42.96666666666667,POINT (-73.9769050000000021 40.6888339999999999)
09X297,3.45,76.21666666666667,POINT (-73.9044729999999959 40.8276419999999973)
17K745,2.77,68.66666666666667,POINT (-73.9424580000000020 40.6588929999999991)
24Q485,2.74,63.016666666666666,POINT (-73.9088140000000067 40.7110330000000005)
20K505,4.64,72.13333333333334,POINT (-73.9817950000000053 40.6204460000000012)
29Q248,3.21,88.0,POINT (-73.7568389999999994 40.6682350000000028)
07X551,2.84,57.61666666666667,POINT (-73.9253130000000027 40.8136409999999970)
14K610,2.67,14.733333333333333,POINT (-73.9532810000000040 40.7219809999999995)
08X405,2.93,91.21666666666667,POINT (-73.8385449999999963 40.8407020000000003)
19K422,3.58,127.4,POINT (-73.8747560000000050 40.6574590000000029)
30Q575,4.38,40.88333333333333,POINT (-73.9374339999999961 40.7513310000000004)
27Q309,4.31,90.06666666666666,POINT (-73.7627949999999970 40.6020099999999999)
10X440,3.02,88.45,POINT (-73.8869100000000003 40.8821780000000032)
27Q334,3.31,73.0,POINT (-73.8294070000000033 40.6930059999999969)
01M450,3.94,49.8,POINT (-73.9825550000000050 40.7295889999999972)
13K527,3.1,73.78333333333333,POINT (-73.9888530000000060 40.6946820000000002)
02M316,3.81,48.31666666666667,POINT (-74.0133019999999959 40.7056800000000010)
10X442,3.74,80.31666666666666,POINT (-73.8983089999999976 40.8702929999999967)
24Q296,3.04,48.1,POINT (-73.8706420000000037 40.7437299999999993)
02M296,2.21,69.61666666666666,POINT (-73.9929530000000000 40.7651839999999979)
09X517,2.95,71.1,POINT (-73.9044899999999956 40.8335110000000014)
03M494,2.45,48.233333333333334,POINT (-73.9847529999999978 40.7743510000000029)
30Q555,3.17,40.86666666666667,POINT (-73.9374449999999968 40.7513560000000012)
11X418,2.88,79.45,POINT (-73.8650360000000035 40.8514049999999997)
29Q283,3.1,88.0,POINT (-73.7568389999999994 40.6682350000000028)
13K412,3.24,49.983333333333334,POINT (-73.9587939999999975 40.6926419999999993)
32K554,4.74,43.86666666666667,POINT (-73.9131710000000055 40.6973699999999994)
07X670,3.28,54.266666666666666,POINT (-73.9303859999999986 40.8159380000000027)
02M374,3.1,46.5,POINT (-73.9876589999999936 40.7354940000000028)
15K656,3.4,46.083333333333336,POINT (-73.9802700000000044 40.6835590000000025)
24Q550,2.77,62.36666666666667,POINT (-73.8531779999999998 40.7374269999999967)
23K697,3.14,68.71666666666667,POINT (-73.9117049999999978 40.6658779999999993)
13K674,2.99,62.05,POINT (-73.9860149999999948 40.6949260000000024)
02M432,3.63,41.63333333333333,POINT (-73.9812409999999971 40.7461759999999984)
02M542,3.46,69.61666666666666,POINT (-73.9929530000000000 40.7651839999999979)
02M288,2.95,69.61666666666666,POINT (-73.9929530000000000 40.7651839999999979)
18K642,3.66,79.48333333333333,POINT (-73.8982539999999943 40.6414740000000023)
03M492,3.39,48.233333333333334,POINT (-73.9847529999999978 40.7743510000000029)
08X376,3.28,77.03333333333333,POINT (-73.8561669999999992 40.8222900000000024)
02M139,3.96,46.083333333333336,POINT (-73.9905930000000041 40.7633700000000019)
09X329,3.39,72.18333333333334,POINT (-73.9109100000000012 40.8404219999999967)
24Q600,3.26,39.21666666666667,POINT (-73.9282189999999986 40.7422049999999984)
02M543,2.8,39.71666666666667,POINT (-73.9893370000000061 40.7167779999999979)
18K569,3.51,76.6,POINT (-73.9221710000000058 40.6486570000000000)
02M475,3.03,53.15,POINT (-74.0137480000000068 40.7175900000000013)
31R455,4.34,122.83333333333333,POINT (-74.1920319999999975 40.5280920000000009)
08X530,3.22,61.983333333333334,POINT (-73.8982120000000009 40.8175120000000007)
11X544,4.14,79.68333333333334,POINT (-73.8619699999999995 40.8759530000000026)
10X284,2.91,78.53333333333333,POINT (-73.9122559999999993 40.8771050000000002)
02M308,3.03,39.71666666666667,POINT (-73.9893370000000061 40.7167779999999979)
13K499,3.96,56.9,POINT (-73.9621049999999940 40.6784880000000015)
11X299,2.94,78.18333333333334,POINT (-73.8610060000000033 40.8596649999999997)
27Q314,2.73,69.38333333333334,POINT (-73.8169379999999933 40.6757709999999975)
12X479,3.25,73.66666666666667,POINT (-73.9001049999999964 40.8277429999999981)
26Q435,3.11,79.46666666666667,POINT (-73.7387559999999951 40.7330660000000009)
02M260,3.97,46.25,POINT (-73.9927249999999930 40.7365179999999967)
02M449,2.68,46.75,POINT (-73.9600590000000011 40.7653589999999966)
12X271,3.48,65.53333333333333,POINT (-73.8883610000000033 40.8363560000000021)
29Q265,3.96,88.0,POINT (-73.7568389999999994 40.6682350000000028)
09X525,3.19,69.51666666666667,POINT (-73.9032360000000068 40.8435879999999969)
10X434,2.96,61.2,POINT (-73.8882669999999990 40.8600429999999974)
12X242,2.66,72.46666666666667,POINT (-73.8777850000000029 40.8314159999999973)
14K478,3.28,49.53333333333333,POINT (-73.9397220000000033 40.7121840000000006)
28Q686,2.84,60.916666666666664,POINT (-73.8566979999999944 40.7113670000000027)
06M346,3.34,69.88333333333334,POINT (-73.9420719999999960 40.8336869999999976)
27Q262,2.64,83.6,POINT (-73.8226240000000047 40.5860660000000024)
10X433,3.61,80.31666666666666,POINT (-73.8983089999999976 40.8702929999999967)
18K629,2.89,76.6,POINT (-73.9221710000000058 40.6486570000000000)
06M211,3.26,76.43333333333334,POINT (-73.9248350000000016 40.8660530000000008)
17K590,3.32,55.266666666666666,POINT (-73.9511669999999981 40.6671949999999995)
14K685,3.47,31.766666666666666,POINT (-73.9556110000000047 40.7058979999999977)
10X445,3.49,84.9,POINT (-73.8910400000000038 40.8775899999999979)
09X252,3.09,75.06666666666666,POINT (-73.9013159999999942 40.8392440000000008)
20K485,3.83,70.16666666666667,POINT (-74.0238489999999985 40.6372819999999990)
32K168,2.84,45.06666666666667,POINT (-73.9107910000000032 40.6969700000000003)
02M615,3.1,55.6,POINT (-74.0046250000000043 40.7244000000000028)
09X412,4.44,72.18333333333334,POINT (-73.9109100000000012 40.8404219999999967)
02M305,2.44,39.71666666666667,POINT (-73.9893370000000061 40.7167779999999979)
17K548,2.88,58.46666666666667,POINT (-73.9616950000000060 40.6703490000000016)
19K660,2.56,47.6,POINT (-73.8964299999999952 40.6741349999999997)
03M299,3.2,48.233333333333334,POINT (-73.9847529999999978 40.7743510000000029)
06M462,4.2,75.06666666666666,POINT (-73.9270510000000058 40.8559539999999970)
24Q520,2.92,41.5,POINT (-73.9336399999999969 40.7444119999999970)
11X253,3.19,79.68333333333334,POINT (-73.8619699999999995 40.8759530000000026)
01M292,3.1,44.05,POINT (-73.9863359999999943 40.7136840000000007)
10X342,3.95,80.31666666666666,POINT (-73.8983089999999976 40.8702929999999967)
14K071,2.81,34.483333333333334,POINT (-73.9531460000000038 40.7036239999999978)
26Q315,3.21,79.46666666666667,POINT (-73.7387559999999951 40.7330660000000009)
10X439,3.67,61.2,POINT (-73.8882669999999990 40.8600429999999974)
02M416,3.13,58.35,POINT (-73.9536080000000027 40.7701870000000000)
27Q324,4.31,83.6,POINT (-73.8226240000000047 40.5860660000000024)
19K510,4.11,51.06666666666667,POINT (-73.8947469999999953 40.6674560000000014)
13K594,3.75,56.9,POINT (-73.9621049999999940 40.6784880000000015)
07X259,3.37,64.43333333333334,POINT (-73.9070150000000012 40.8108029999999999)
15K519,3.13,42.61666666666667,POINT (-73.9909930000000031 40.6845240000000032)
02M520,3.26,51.516666666666666,POINT (-74.0008509999999973 40.7114419999999981)
09X263,2.76,75.06666666666666,POINT (-73.9013159999999942 40.8392440000000008)
13K419,2.91,52.766666666666666,POINT (-73.9850160000000017 40.6973389999999995)
21K525,4.46,75.01666666666667,POINT (-73.9592849999999942 40.6205250000000007)
30Q286,3.61,45.7,POINT (-73.9245910000000066 40.7712149999999980)
08X349,4.19,91.21666666666667,POINT (-73.8385449999999963 40.8407020000000003)
02M529,4.66,40.05,POINT (-73.9830780000000061 40.7577289999999977)
23K644,4.68,51.88333333333333,POINT (-73.9158429999999953 40.6778049999999993)
16K455,3.03,54.25,POINT (-73.9324069999999978 40.6794399999999996)
28Q310,2.5,67.58333333333333,POINT (-73.7972369999999955 40.7132179999999977)
17K382,3.8,64.85,POINT (-73.9585500000000025 40.6497870000000034)
30Q580,4.02,43.68333333333333,POINT (-73.9271690000000063 40.7553660000000022)
25Q263,4.07,67.3,POINT (-73.8205480000000023 40.7598440000000011)
08X561,4.11,77.03333333333333,POINT (-73.8561669999999992 40.8222900000000024)
02M551,4.47,51.96666666666667,POINT (-74.0116309999999942 40.7016950000000008)
21K690,3.18,81.28333333333333,POINT (-73.9944040000000030 40.6048789999999968)
30Q501,4.5,41.266666666666666,POINT (-73.9251210000000043 40.7565340000000020)
11X513,3.21,87.41666666666667,POINT (-73.8526939999999996 40.8878309999999985)
02M438,4.71,46.5,POINT (-73.9876589999999936 40.7354940000000028)
10X374,3.99,61.2,POINT (-73.8882669999999990 40.8600429999999974)
24Q293,2.94,48.1,POINT (-73.8706420000000037 40.7437299999999993)
31R460,4.22,141.41666666666666,POINT (-74.1242270000000048 40.5968030000000013)
14K474,4.16,49.53333333333333,POINT (-73.9397220000000033 40.7121840000000006)
15K462,2.98,59.96666666666667,POINT (-73.9792869999999994 40.6696290000000005)
10X696,2.61,83.9,POINT (-73.8953819999999979 40.8739380000000025)
30Q301,4.9,28.883333333333333,POINT (-73.9591960000000057 40.7429559999999995)
02M422,3.39,52.45,POINT (-74.0021359999999930 40.7428669999999968)
10X353,3.51,88.45,POINT (-73.8869100000000003 40.8821780000000032)
17K543,3.44,64.85,POINT (-73.9585500000000025 40.6497870000000034)
08X269,3.63,70.11666666666666,POINT (-73.8931280000000044 40.8205790000000022)
29Q313,2.72,85.6,POINT (-73.7457279999999997 40.6978190000000026)
12X684,4.31,74.0,POINT (-73.8753659999999996 40.8417940000000002)
19K583,3.26,53.916666666666664,POINT (-73.8683280000000053 40.6911460000000034)
08X432,2.04,77.03333333333333,POINT (-73.8561669999999992 40.8222900000000024)
25Q525,3.98,69.0,POINT (-73.8213920000000030 40.7343899999999977)
02M393,4.07,46.083333333333336,POINT (-73.9905930000000041 40.7633700000000019)
03M403,4.32,55.13333333333333,POINT (-73.9746140000000025 40.7858030000000014)
14K454,2.38,44.06666666666667,POINT (-73.9436409999999995 40.7099410000000006)
02M546,2.84,46.5,POINT (-73.9876589999999936 40.7354940000000028)
29Q259,4.74,89.23333333333333,POINT (-73.7535790000000020 40.7064599999999999)
19K502,2.48,51.06666666666667,POINT (-73.8947469999999953 40.6674560000000014)
18K566,2.86,64.03333333333333,POINT (-73.9167350000000027 40.6332850000000008)
09X327,2.59,66.26666666666667,POINT (-73.9160820000000029 40.8424949999999995)
26Q430,3.97,81.93333333333334,POINT (-73.7928299999999950 40.7407240000000002)
14K561,2.95,35.13333333333333,POINT (-73.9547539999999941 40.7150729999999967)
21K572,3.91,91.88333333333334,POINT (-73.9857700000000023 40.5942909999999983)
10X213,4.45,78.53333333333333,POINT (-73.9122559999999993 40.8771050000000002)
07X495,4.3,65.88333333333334,POINT (-73.9110299999999967 40.8182499999999990)
32K556,4.42,40.7,POINT (-73.9281399999999991 40.6950560000000010)
02M459,3.03,46.75,POINT (-73.9600590000000011 40.7653589999999966)
28Q440,4.37,55.63333333333333,POINT (-73.8456369999999964 40.7294020000000003)
09X260,4.69,74.9,POINT (-73.9024990000000059 40.8336650000000034)
09X403,3.72,76.21666666666667,POINT (-73.9044729999999959 40.8276419999999973)
12X248,3.22,72.68333333333334,POINT (-73.8976119999999952 40.8273149999999987)
28Q680,3.08,65.71666666666667,POINT (-73.8064990000000023 40.7188310000000016)
25Q240,3.81,55.766666666666666,POINT (-73.8278899999999965 40.7651660000000007)
21K348,3.94,91.88333333333334,POINT (-73.9857700000000023 40.5942909999999983)
20K490,3.5,82.1,POINT (-74.0400460000000038 40.6278349999999975)
05M148,4.8,58.38333333333333,POINT (-73.9477119999999957 40.8173719999999989)
02M411,2.85,44.61666666666667,POINT (-73.9865209999999962 40.7419300000000035)
07X527,4.34,62.78333333333333,POINT (-73.9238289999999978 40.8223100000000017)
17K546,3.96,68.66666666666667,POINT (-73.9424580000000020 40.6588929999999991)
32K552,3.24,45.06666666666667,POINT (-73.9107910000000032 40.6969700000000003)
31R028,2.78,98.51666666666667,POINT (-74.0826670000000007 40.6242629999999991)
09X564,3.74,72.18333333333334,POINT (-73.9109100000000012 40.8404219999999967)
06M293,3.11,78.56666666666666,POINT (-73.9306720000000013 40.8607900000000015)
31R605,3.35,94.65,POINT (-74.1153730000000053 40.5678729999999987)
11X508,3.69,78.18333333333334,POINT (-73.8610060000000033 40.8596649999999997)
02M630,3.42,42.7,POINT (-73.9672029999999978 40.7592399999999984)
08X312,3.2,77.03333333333333,POINT (-73.8561669999999992 40.8222900000000024)
02M533,2.59,46.5,POINT (-73.9876589999999936 40.7354940000000028)
24Q585,3.02,51.53333333333333,POINT (-73.8874820000000057 40.7299390000000017)
04M555,4.05,57.46666666666667,POINT (-73.9493810000000025 40.7937629999999984)
09X241,4.3,75.06666666666666,POINT (-73.9013159999999942 40.8392440000000008)
31R440,4.69,102.21666666666667,POINT (-74.1077370000000002 40.5693929999999980)
12X550,2.81,73.01666666666667,POINT (-73.8789119999999997 40.8316009999999991)
25Q285,2.74,78.46666666666667,POINT (-73.7900829999999956 40.7651329999999987)
25Q425,4.12,NaN,POINT (-73.8249440000000021 40.7381389999999968)
28Q505,2.98,58.21666666666667,POINT (-73.8016599999999983 40.7094459999999998)
31R080,3.27,116.51666666666667,POINT (-74.1020780000000059 40.6085169999999991)
10X437,4.16,61.2,POINT (-73.8882669999999990 40.8600429999999974)
19K504,4.49,51.06666666666667,POINT (-73.8947469999999953 40.6674560000000014)
05M157,2.59,51.05,POINT (-73.9394329999999940 40.8073830000000015)
09X324,4.73,67.9,POINT (-73.9176680000000061 40.8286960000000008)
15K463,3.47,59.96666666666667,POINT (-73.9792869999999994 40.6696290000000005)
26Q566,3.53,89.3,POINT (-73.7275350000000032 40.7460880000000003)
11X455,2.92,109.66666666666667,POINT (-73.8339040000000040 40.8740910000000000)
08X282,2.7,89.38333333333334,POINT (-73.8565799999999939 40.8148330000000001)
12X521,2.73,73.01666666666667,POINT (-73.8789119999999997 40.8316009999999991)
22K535,3.41,98.01666666666667,POINT (-73.9359520000000003 40.5808940000000007)
29Q326,3.25,75.5,POINT (-73.7711950000000058 40.7118490000000008)
05M362,3.22,64.16666666666667,POINT (-73.9558090000000021 40.8104310000000012)
15K448,4.77,67.88333333333334,POINT (-74.0013770000000051 40.6800700000000006)
27Q351,4.35,83.6,POINT (-73.8226240000000047 40.5860660000000024)
10X549,3.75,80.31666666666666,POINT (-73.8983089999999976 40.8702929999999967)
32K549,3.26,45.06666666666667,POINT (-73.9107910000000032 40.6969700000000003)
29Q272,3.31,88.0,POINT (-73.7568389999999994 40.6682350000000028)
19K639,4.05,53.916666666666664,POINT (-73.8683280000000053 40.6911460000000034)
27Q650,4.4,75.6,POINT (-73.8407169999999979 40.6895910000000001)
05M692,3.35,66.23333333333333,POINT (-73.9490969999999948 40.8207400000000007)
